Scenario,Corrolation
1_1,0.8982428419972959
1_2,0.9520311487210521
1_3,0.9300939204069317
1_4,0.9783225177568259
2_1,0.8803827518826346
2_2,0.7556108543531497
2_3,0.8468356284199268
2_4,0.44871809448391975
3_1,0.8962748041731808
3_2,0.9149628499360162
3_3,0.9401597654386681
3_4,0.8959869799882438
4_1,0.8408992418842667
4_2,0.04180947733682739
4_3,0.02119791656800946
4_4,0.9265596047994603
